5 8 13 14 15 16 19 20 21 22 29 30 35 38 40 41 43 44 45 46 47 48 51 55 56 59 62 65 66 67 70 71 76 79 80 81 82 83 85 88 91
0 2 3 4 5 9 10 14 15 16 17 18 22 25
2
0 4 6 7 9 14 16 17 19 20 21 22 24 27 32 34 37 39 41 42 43 44 48 49 52 57 60 62 63 64 66 69 71 74 75 79 80 81 82 84 89 90 91 92 94 97
7 8 9 10 11 14 15 16 18 20 22 24 26 27 28 29 32 36 37 38 40 44 51 52 56 58 60 62 63 64 66 67 68 70 72 73 74 75 76 77 80 82 85 86 88 90 91 92 93 95
1 3 5 8 10 11 12 15 20 21
0 1 2 4 5 9
1 2 3 5 6 7 8 10 11 12 15 16 17 18 19 20 25 26 29 34 35 37 39 40 41 42 43 44 47 49 52 55 57 58 59 61 62 63 65 66 67 71 72 73 74 77 78 82 85
0 2 3 4 5 6 7 12 14 15 16 17 19 26 27

2 4 5 6 8 12 13 14 15 18 19 20 21 22 23
1 5 7 9 17 18 19 21 26 28 29 31 33 37 38 45 47 48 49 50 52 60 61
0 1 4 5 6 7 9 11 12 13 14 15 17 19 21 25 26 28 31 32 33 34 37 38 39 41 42 44 45 46 47 48 51 53 56 57 62
0 1 2 4 5
0 2 6 9 11 12 13 17 19 22 23 27 28 29 31 34 36 38 40 41 44 47 49 50 51 53 54 56 59 60 61 62 63 68
0 1 4 5 6 8 9 10
0 2 3 5 6 7 9 11 13 16 20 22 23 24 25 27 29 30 37 38 39 42 45 46 48 49 55 59 62 63 64 66 67 69 70 71 72 74 75 76
0 2 4 7 8 12 14 17 19 21 22 23 27 28 29 30 31 32 36 37 38 41 44 45 47 49 51 53 54 55 56 57 58 61 62 63 65 68 69 71 73 74 77 78 80 81 82 83 84 86 87
0 1 5 7 10
0 6 8 9 12 13 16 18 20 23 25 30 33 34 35 36 38 40 41 42 43 47 49 54 55 57 58 60 63 64 69 72 73 74 75 76 77 79 80 81 82 84 86 87 91 92
0 4 6 7 8 9 11 12 14 15 16 19 24 26 28 29 30 36 39 41 43 44 46 47 49 51
0 3 5 6 8 9 11 12 16 17 19 20 24 27 32 33
3 7 15 16
0 1 4 5 11 12 14 17 18 21 22 23 25 26 27 31 34 35 37 38 39 40 42 45 48 51 52 54 55 56 57 58 60 63 65 68
2 4 6 7 13 16 17 22 23 24 25 26 27 28 29 31 32
0 1 4 8 9 11 12 14 16 18 20 21 22 24 26 28 31 34 39 41 43 45 46 48 49 52 53 55 56 57 58 61 62 63 64 65 66 72 73 75 77
1 7
0 4 6 7 8 9 10 11 12 17 19 21 22 25 26 27 31 33 35 36
0 1 2 3 4 7 10 11 17 19 23 24 28 32 34 38 43 44 45 49 50 51 52 55 56 58 62 63 67 70 72 74
0 3 4 6 7 9
2 3 5 6 7 8 9 10 12 13 16 17 18 19 21 23 24 27 28 29 30 32 33 35 36 39 40
0 1 3
1 2 3 4 7 8 9 12 13 14 16 17 18 20 21 23 24 26 27 28 30 32 33 34 35 36 37 38 43
1 3 4 6 8 9 10 14 18 19 21 25 26 28 31 34 35 36 37 40 41 43 45 48 52 53 54 55
6 8 13 16 17 19 20 21 23 24 27 28 30
1 2 4 5 6 9 10 11 13
1 2 3 7 8 12 13 17 18 22 27 29 34 36 44 45 46 47 49 51 52 53 54 55 56 57 58 60 62 63 67 69 70 72
0 2 4 7 8 13 17 22 24 25 26 27 29 34 37 40 42 43 44 52 55 57 58 60 61
0 1 2 3 8 9 13 15 17 18 22 23 25 26 33 38
1 2 4 9 10 11 18 19 22 26 27 32 33 37 38 39 40 48 51 52 53 56 57 58 59 60 61 62 64 65
5 6 7 8 9 12 13 14 20 21 22 23 24 26 27 30 35 36 37 39 40 41 45
1 4 5 6 7 9 12 13 15 17 19 21 24 25 33 34 35 36 39 40 42 47 50 51 53 54 55 56 61 63 67 68 70 71 72 74 75 76 77 78 79 80 81 82 83
4 5 6 7 9
1 2 3 4 5 6 8 9 11 13 14 16 17 18 19 22 25 30 31 32 33
2 4 6 9 10
1 3 4 5 6 8 9 10 11 12 14 17 19 20 21 22 25 26 28 29 32 33 34 35 36 37 38 42 43 46 49 50 52 53 55 56 57 59 61 64 65 66 67 73 77 82 83
0 1 2 3 10 11 14 19 21 22 24 25 26 32 33 34 35 38 40 43 45 47 50 55 56 57 58 59 60 64 65 66 67 68 70 71 72 73 74 76 77 80 82 83 86 88 89
6 7 9 11 12 13
0 2 3 6 7 11 13 14 16 17 19 22 23 25 26 27 28 31 32 33 35 38 39 40 42 45 47 50 51 54 56 57 58 61 63 65 67 68 69 70 73 76 79
2 3 4 6 9 10 13 14 15 16 17 18 20 21 22 24 27 28 29 30 37 38 39 42 43 44 45 46 48 50 52 58 60 61 62 63 65 66 69 72 74 75 76 78 80 82 84 87 88 89
1 4 5 6 8 9 10 13 15 16 18 20 21 22 23 24 26 28 30 31 32 36 37 38 39 42 43 44 45 46 48 49 50 52 55 56 58 59 61 63 64 70 72 73
0 3 4 6 7 8 10 12 14 18 21 22 23 25 28 30 32 33 35 37 38 39 40 42 43 44 47 48 51 53 57 61 63 65 66 67 68 71 72 73 75 76 78 80 82 83 84 85 86
0 4 5 6 7 8 9 10 12 13 15 17 21 26 28 29 30 31 33 36 37 38 39 42 43 45 46 47 48 49 50 53 54 56 57
1 2 4 5 6 11 12 13 16 23 24 27 28 30 31 32 33 36 38 39 40 42 45 47 49 50 51 52 53 55 56 60 61 62 65 66
0 1 5 10 11 12 15 16 18 21 22 23 27 29 32 36 37 41 43 45 46 47 48 49 50 52 53 55 57 58 60 61 64 66 67 68 69 72 75 76 77 78 79 81 82 84 86
0 2 3 4 5 10 11 12 14 16 17 20 22 25 29 31 32 33 37 38 39 40 41 42 43 45 47 51 52 54 55 58 60 63
1 2 4 6 12 13 14 15 16 18 22 23 24 25 27 28 29 33 34 35 41 42 43 45 47 48 49 51 55 56 58 59 60 61 62 64 65 68 69 70 72
0 2 4 5 7 10 12 13 15 16 17 18 19 20 21 23 24 25 27 30 36 38 41 45 49 50 51
5 6 8 9 12 16 17 18 19 20 21 22 25 26 27 29 32 35 38 40 41 42 43 44 45 46 50 52 55 57 58 61 62 63 67 68 71 73 74 77 78 81 84
2 5 7 8 9 10 12 15 20 23 25
1 2
2 4 7 8 11 18 22 23 26 27 29 36
0 2 3 5 6 7 9 12 14 15 17 19 21 23 24 27 34 35 36 40 43 44 45 48 49 50 51 52 53 54 55 56
0 1 3 5 6 7 11 12 15 17 18 19 20 25 26 27 31 37 38 41 42 43 45 47 48 50 59 61 62 67 68 73 74
1 4 5 10 12 13 17 22 25 27 28 29 31 32 33 34
0 1 3 7 11 12 13 19 20 22 24 26 28 32 34 36 37 38 39 40 41 42 46 48 49 51 52 53 55 57 58 59 61 64 67 68 71 72 73 78 79 80 81 83 84 86
0 1 3 5 9 14 17 19 20 21 23 24 25 26 28 29 31 32 33 36 37 38 40
0 1 3 10 11 13 14 15 16 19 21 23 26 27 28 29 35 43 44 49 52 55 57 59 65 68 70 71 72 74 77 78 79 80 81 82 83
0 1 5 6 7 11 12 13 14 15 17 19 20 21 22 23 27 28 29 33
0 3 6 7 9 12 15 16 17 18 24 25 28 30 31 32 33 35 36 37
2 3 4 5 7 8 14 19 22 23 25 26 32 33 34 35 37 39 40 41 42 43 53 54 59 60 62 65 69 72 74 75 77 80 82 83 85 88 89 90 92 94 96
3 4 10 11 12 14 17 18 21 22 23 24 25 28 29 33 35 36 37 40 42 43 44 45 46 47
3 6 8 10 11 15 19 21 24 26 27 28 32 38 42 43 44 46 47 49 54
2 3 5 6 9 11 13 15 16 17 20 22 23 24 25 27 31 32 35 37 39 45 48 49 52 56 57 61 68 69 70 71
1 3 4 5 6 7 10 13 17 25 26 27 28 31 34 35 36 38 39 42 43 44 46 48 49 50
1 2 4 6 7 8 9 10 11 12 13 17 19 20 24 25 26 27 29 31 33 34 36 39 40 43 44 45 48 50 52 53 54 56 59 60 63 64
3 6 7 8 9 12 14 17 19 20 21 23 27 33 35 36 37 38 41 44 45 47 49 50 51 55 56 57 59 61 64 67 68 69 71 75 76 82 83 84 85 87 88 89
3 4 10 11 14 16 19 21 22 23 24 26 27 29 30 32 39 41 43 44 46 47 51 53 54 55 56
6 12 13 15 16 18 20 22 23 25 26 27 28 29 32 34 41 43 46 50 51 52 54 55 57 60
2 4 5 8 17 20 22 23
2 5 6 10 13 14 15 17 20 21 24 30 31 32 35 36 38 40 43 44 45 46 54 56 59 60 63 66 70 72 74 75 78
3 4 11 12 14 17 20 22 24 26 29 30 31 34 37 38 40 42 48 51 52 53 54 55 60 62 63
0 1 3 6 8 9 10 11 12 16 18 19 20 25 29 31 32 34 36 41
3 5 6 7 9 10
2 4 8 11 12 17 19 22 23 24 26 28 29 30 32 33 37 38 41 42 43 44 45 47 49 50 51 53 54 55 57 58 65 66 67 68 69 71
0 3 4 7 9 13 15 17 18 19 20 21 22 24 25 26 28 29 30 31 32 34 35 37 38 41 42 43 48 50 51 53 54 56 58 59 62 63 64 65 67 68 69 70 71 73 75 76 81 82 83 84 85 86 89 90 92 94 96
1 4 6 8 12 13 16 17 18 19 29 32 33 38 39 40 41 42 43 45 53 54 56 57 59 60 62 63 65 67 68
1 3 9 11 14 17 20 21 28 31 32 34
2 3 6 8 10 12 13 14 20 27 28 29 31 34 37 38 39 40 41 42 44 48 50 54 55 57 59 61 62 63 65 66 68 70 71 74 75
0 4 5 6 10 11 12 14 16 20 22 25 26 27 29 37 38 39 41 42 43
1 2 4 8 10 11 13 14 15 17 20 22 23 24 25 26 30 32 35 36 37 39 41 43 44 47 48 50 51 53 55 56 57 59 60 62 63 64 65 66 71
0 2 7 11 13 14 15 17 19 21 22 23 24
0 2 3 4 6 7 9
1 3 7 8 10 12
0 1 3 5 6 7 9 10 12 16 18 19 20 22 27 31 33 36 38 43 46 50 52 53 54 57 58 60 61 63 64 65 66 67 71 74 76 79
2 3 4 6 7 8 11 12 16 17 21 25 27 29 30 31 32 33 34 35 39 43 45 46 47 49 53 55 56 58 59
0 1 2 3 7 10 12 14 15 16 19 21 27 28 29 30 33 34 35 36 37 42 43 45 47 50 51 52 54 55 56 60 61
5 11 15 20 23 24 25 28 29 31 32 33 34 40 42 45 46
0 1 3 4 7 8 13 14 16 19 20 21 25 28 29 30 31 32 33 34 38 40 41 42 43 45 47 48 51 52
1 2 4 7 8 10 13 15 16 17 20 21 22 24 26 27 28 29 30 31 34 35 36 37 39 43 45 46 48 49 50 51 52 53 54 57 60 65 68 70 71 73 74 75 76 78 79 80 83 84 85 86 89 91 92 93 96
